{"name": "Thymio 548", "data": [{"time": 0.10346299799999992, "target_speed": [75, 75], "encoder": [0.0, 0.0], "camera": [0, 0, 0], "prox_horizontal": [0, 0, 0, 0, 0, 0, 0], "x_hat": [0.0, 0.0, 0.0, 0.0, 0.0], "P": [[1.009824565257231, 0.0, 9.883666357393679e-23, 0.005042716264307835, 0.005042716264307835], [0.0, 1.0103462998, 0.0, 0.0, 0.0], [1.0027174740228227e-22, 0.0, 0.11034606856031345, 0.00010616244766963861, -0.00010616244766963861], [0.005042716264307835, 0.0, 0.00010616244766963861, 0.10252135813215393, 0.0], [0.005042716264307835, 0.0, -0.00010616244766963861, 0.0, 0.10252135813215393]]}, {"time": 0.311124858, "target_speed": [73, 73], "encoder": [16.38, 18.06], "camera": [0, 0, 0], "prox_horizontal": [0, 0, 0, 0, 0, 0, 0], "x_hat": [1.6712091117708527, 0.0, -0.001716260962023982, 6.246606185542267, 6.887283743033781], "P": [[1.0311626215551757, 0.0, 3.316008728809065e-22, 0.009705047106683235, 0.009705047106683235], [0.0, 1.0311124857999998, 0.0, 0.0, 0.0], [9.955574546883518e-22, 0.0, 0.13111250802083332, 0.0002043167811933312, -0.0002043167811933312], [0.009705047106683235, 0.0, 0.0002043167811933312, 0.07627113779660888, 0.0], [0.009705047106683235, 0.0, -0.0002043167811933312, 0.0, 0.07627113779660888]]}, {"time": 0.41394960199999997, "target_speed": [71, 71], "encoder": [31.08, 28.98], "camera": [0, 0, 0], "prox_horizontal": [0, 0, 0, 0, 0, 0, 0], "x_hat": [4.577905521197357, -0.0009414701580577345, 0.00033399563177414354, 13.747540901617281, 13.560395907340324], "P": [[1.0421450015095608, -1.0728668312158746e-06, 0.0001519451682689703, 0.00951065185885465, 0.009510321335412832], [-1.0728668312158754e-06, 1.041394827036523, 0.08853258475465386, 9.159446888537012e-05, -0.00010098878308326437], [0.0001519451682689703, 0.08853258475465386, 0.14139529262909734, 0.00020022085532438757, -0.00020022085532438757], [0.00951065185885465, 9.159446888537014e-05, 0.00020022085532438757, 0.060410065350858744, 0.0], [0.009510321335412832, -0.00010098878308326437, -0.00020022085532438757, 0.0, 0.060410065350858744]]}, {"time": 0.5199445540000001, "target_speed": [69, 69], "encoder": [29.4, 28.56], "camera": [0, 0, 0], "prox_horizontal": [0, 0, 0, 0, 0, 0, 0], "x_hat": [7.462933521195188, 6.159709035753475e-05, 0.0011874959121843005, 17.848777182201793, 17.490571997407603], "P": [[1.0535679236561528, 0.0001762144802381973, 8.359834681960458e-05, 0.009381319139537369, 0.00938121806588436], [0.0001762144802381973, 1.3082510797235305, 0.2931666069947277, 0.0002822289696116463, -0.00028758353060424533], [8.359834681960458e-05, 0.2931666069947277, 0.15199515284805226, 0.00019750045703433687, -0.00019750045703433687], [0.009381319139537369, 0.0002822289696116463, 0.00019750045703433687, 0.05240373100234803, 0.0], [0.00938121806588436, -0.00028758353060424533, -0.00019750045703433687, 0.0, 0.05240373100234803]]}, {"time": 0.6252103039999999, "target_speed": [66, 67], "encoder": [29.82, 28.98], "camera": [0, 0, 0], "prox_horizontal": [0, 0, 0, 0, 0, 0, 0], "x_hat": [10.406115361524822, 0.0035189156062784077, 0.0020527111258431575, 20.71399544707387, 20.240476453034063], "P": [[1.0649482320941375, -0.0003149875711100524, -0.00025212093501240696, 0.009233655999979367, 0.00923424276141893], [-0.0003149875711100524, 2.40936019791852, 0.5758785105930498, 0.0004966009077707663, -0.0004956911285848897], [-0.00025212093501240696, 0.5758785105930498, 0.1625221063982348, 0.00019439901521844905, -0.00019439901521844905], [0.009233655999979367, 0.0004966009077707661, 0.00019439901521844905, 0.04786843096115822, 0.0], [0.009234242761418928, -0.0004956911285848896, -0.00019439901521844905, 0.0, 0.04786843096115822]]}, {"time": 0.7334667770000001, "target_speed": [64, 65], "encoder": [28.56, 27.3], "camera": [0, 0, 0], "prox_horizontal": [0, 0, 0, 0, 0, 0, 0], "x_hat": [13.30423625150085, 0.011220539024809777, 0.003349154075186254, 22.494144449178005, 21.842183884210005], "P": [[1.0766943932914887, -0.0034928012448400417, -0.0009916653184176437, 0.009141144453604266, 0.009142965879827158], [-0.0034928012448400413, 4.973381115908859, 0.9361550211866868, 0.0007212079136753803, -0.0007122807210520599], [-0.0009916653184176437, 0.9361550211866868, 0.17334816066675895, 0.0001924644706830445, -0.0001924644706830445], [0.009141144453604266, 0.0007212079136753803, 0.0001924644706830445, 0.0453772105304282, 0.0], [0.009142965879827158, -0.0007122807210520599, -0.0001924644706830445, 0.0, 0.0453772105304282]]}, {"time": 0.841780612, "target_speed": [62, 63], "encoder": [29.82, 24.36], "camera": [0, 0, 0], "prox_horizontal": [0, 0, 0, 0, 0, 0, 0], "x_hat": [16.15095573951821, 0.041872796355470726, 0.008675189492169248, 24.101335035973108, 22.39455764212892], "P": [[1.0884718278771275, -0.013399500908937387, -0.0023856769648848406, 0.00905283667008012, 0.00905667487862444], [-0.013399500908937385, 9.47981542360338, 1.3523816146035663, 0.0009301529455693735, -0.0009103345735759453], [-0.0023856769648848406, 1.3523816146035663, 0.1841799564041641, 0.00019062678203022985, -0.00019062678203022985], [0.00905283667008012, 0.0009301529455693735, 0.00019062678203022985, 0.043877212037432806, 0.0], [0.00905667487862444, -0.0009103345735759453, -0.00019062678203022985, 0.0, 0.043877212037432806]]}, {"time": 0.94939515, "target_speed": [60, 61], "encoder": [24.36, 24.779999999999998], "camera": [0, 0, 0], "prox_horizontal": [0, 0, 0, 0, 0, 0, 0], "x_hat": [18.77126585194561, 0.05222272679024502, 0.008601329446400668, 24.156837638010536, 22.90640994640303], "P": [[1.1002620772704053, -0.04871230851954305, -0.006383013000010261, 0.008961344093397928, 0.008970857755939015], [-0.04871230851954305, 16.257129567467047, 1.8131482701134203, 0.0011212196939239549, -0.0010734809952909498], [-0.006383013000010261, 1.8131482701134203, 0.1949418203089672, 0.0001887617591685515, -0.0001887617591685515], [0.008961344093397928, 0.0011212196939239549, 0.0001887617591685515, 0.042914665498848786, 0.0], [0.008970857755939015, -0.00107348099529095, -0.0001887617591685515, 0.0, 0.042914665498848786]]}, {"time": 1.0551139379999999, "target_speed": [58, 59], "encoder": [24.36, 27.3], "camera": [0, 0, 0], "prox_horizontal": [0, 0, 0, 0, 0, 0, 0], "x_hat": [21.462780897647768, 0.04850391247457844, 0.006082916601811354, 24.199705604452166, 23.833472760260495], "P": [[1.112007000882513, -0.1033809775927939, -0.010554286915830805, 0.008857010049571108, 0.008870889875491778], [-0.1033809775927939, 25.2886123015887, 2.2980933890089217, 0.0012705233736986388, -0.0012020688744724193], [-0.010554286915830805, 2.2980933890089217, 0.2055140979750766, 0.0001866122393378997, -0.0001866122393378997], [0.008857010049571108, 0.0012705233736986388, 0.00018661223933789974, 0.042200697040384635, 0.0], [0.008870889875491778, -0.0012020688744724195, -0.00018661223933789974, 0.0, 0.042200697040384635]]}, {"time": 1.163395841, "target_speed": [56, 57], "encoder": [21.84, 24.779999999999998], "camera": [0, 0, 0], "prox_horizontal": [0, 0, 0, 0, 0, 0, 0], "x_hat": [24.001158035429285, 0.04155874892262924, 0.0034334462783042487, 23.705166961176094, 24.031842546763286], "P": [[1.1241062360405483, -0.1671754277712003, -0.013805292189112592, 0.008804371537745149, 0.008820009142099508], [-0.1671754277712003, 37.25186454577603, 2.8325352751255375, 0.0013988198619341473, -0.0013227410767142754], [-0.013805292189112592, 2.8325352751255375, 0.21634270363883915, 0.000185522686694279, -0.000185522686694279], [0.008804371537745149, 0.0013988198619341473, 0.00018552268669427903, 0.0419152831898186, 0.0], [0.008820009142099508, -0.0013227410767142754, -0.00018552268669427903, 0.0, 0.0419152831898186]]}, {"time": 1.26816578, "target_speed": [55, 55], "encoder": [21.0, 24.36], "camera": [0, 0, 0], "prox_horizontal": [0, 0, 0, 0, 0, 0, 0], "x_hat": [26.39828662965192, 0.027785548785202573, 0.00028795226208628904, 23.143621027051797, 24.099962365710635], "P": [[1.1357065843002265, -0.22601499907528902, -0.015662812416336835, 0.00871539862825493, 0.008730314617963227], [-0.22601499907528902, 51.428883713331714, 3.3735403224041107, 0.0014820524400602426, -0.0014098183730359673], [-0.015662812416336835, 3.3735403224041107, 0.2268200903604656, 0.0001836415928475845, -0.0001836415928475845], [0.00871539862825493, 0.0014820524400602426, 0.0001836415928475845, 0.04151654535069138, 0.0], [0.008730314617963227, -0.0014098183730359673, -0.0001836415928475845, 0.0, 0.04151654535069138]]}, {"time": 1.372446765, "target_speed": [53, 53], "encoder": [19.74, 21.84], "camera": [0, 0, 0], "prox_horizontal": [0, 0, 0, 0, 0, 0, 0], "x_hat": [28.616878275345485, 0.019051955805915628, -0.0018022956801383178, 22.441880043990032, 23.634015011527648], "P": [[1.1470351677934394, -0.2669891930653696, -0.0158237016170826, 0.008636787219746585, 0.008648834714412176], [-0.2669891930653696, 68.05939126249349, 3.932266788642665, 0.0015360840668493855, -0.001477753218893196], [-0.0158237016170826, 3.932266788642665, 0.23724857812143424, 0.00018195590595805562, -0.00018195590595805562], [0.008636787219746585, 0.0015360840668493855, 0.00018195590595805562, 0.04123496578992572, 0.0], [0.008648834714412176, -0.001477753218893196, -0.00018195590595805562, 0.0, 0.04123496578992572]]}, {"time": 1.475613211, "target_speed": [52, 51], "encoder": [18.9, 20.16], "camera": [0, 0, 0], "prox_horizontal": [0, 0, 0, 0, 0, 0, 0], "x_hat": [30.693242998343532, 0.013538628627053215, -0.0031580796664894494, 21.716026531096205, 22.922069386987932], "P": [[1.1580773488199783, -0.28775446798401544, -0.014807429223230691, 0.008558558308578164, 0.008566897468131449], [-0.28775446798401544, 86.7616240905833, 4.496144587169917, 0.0015620748988893767, -0.0015217938851542195], [-0.014807429223230691, 4.496144587169917, 0.24756560437542585, 0.0001802695962333005, -0.0001802695962333005], [0.008558558308578164, 0.0015620748988893767, 0.0001802695962333005, 0.04098690547837597, 0.0], [0.008566897468131449, -0.0015217938851542195, -0.0001802695962333005, 0.0, 0.04098690547837597]]}, {"time": 1.579297004, "target_speed": [50, 50], "encoder": [18.06, 18.9], "camera": [0, 0, 0], "prox_horizontal": [0, 0, 0, 0, 0, 0, 0], "x_hat": [32.68088036873207, 0.008673197124984296, -0.004146698201843201, 20.969050855501035, 22.10030620445021], "P": [[1.1690960570788724, -0.28916372228638365, -0.01299818061204577, 0.008501674492590486, 0.008506213308052625], [-0.28916372228638365, 107.58112627973377, 5.069038983529278, 0.0015695142743122157, -0.0015481419646394556], [-0.01299818061204577, 5.069038983529278, 0.25793436783920726, 0.00017903188087219996, -0.00017903188087219996], [0.008501674492590488, 0.0015695142743122157, 0.00017903188087219996, 0.04086270541210762, 0.0], [0.008506213308052625, -0.0015481419646394556, -0.00017903188087219996, 0.0, 0.04086270541210762]]}, {"time": 1.683536955, "target_speed": [49, 48], "encoder": [18.9, 20.58], "camera": [0, 0, 0], "prox_horizontal": [0, 0, 0, 0, 0, 0, 0], "x_hat": [34.773745547998956, -0.004943349292059685, -0.005876853977159271, 20.546765110357555, 21.79001724432842], "P": [[1.1801509837709359, -0.2711596512996067, -0.01059723522618322, 0.008462911774204175, 0.008463871494258045], [-0.2711596512996067, 130.3490161630359, 5.648038252857825, 0.001562012981115875, -0.0015590606642761676], [-0.01059723522618322, 5.648038252857825, 0.26835874983353447, 0.00017817815309765792, -0.00017817815309765792], [0.008462911774204175, 0.001562012981115875, 0.00017817815309765792, 0.040819271698492844, 0.0], [0.008463871494258045, -0.0015590606642761674, -0.00017817815309765792, 0.0, 0.040819271698492844]]}, {"time": 1.7867156759999998, "target_speed": [48, 46], "encoder": [18.48, 20.16], "camera": [0, 0, 0], "prox_horizontal": [0, 0, 0, 0, 0, 0, 0], "x_hat": [36.80225182450479, -0.021009307513307235, -0.007614105699454256, 20.125925472510655, 21.4581092479385], "P": [[1.191053646505026, -0.2218123911167207, -0.007152660448029716, 0.008418509837294835, 0.008415631432835392], [-0.2218123911167207, 155.03094935280043, 6.234157798740469, 0.001544012483964334, -0.0015613726961257117], [-0.007152660448029716, 6.234157798740469, 0.27867700170695053, 0.00017720328104862233, -0.00017720328104862233], [0.008418509837294835, 0.001544012483964334, 0.00017720328104862233, 0.040724476694315045, 0.0], [0.008415631432835392, -0.0015613726961257117, -0.00017720328104862233, 0.0, 0.040724476694315045]]}, {"time": 1.894968007, "target_speed": [46, 45], "encoder": [21.84, 19.32], "camera": [0, 0, 0], "prox_horizontal": [0, 0, 0, 0, 0, 0, 0], "x_hat": [39.0351353130734, -0.00821861394350205, -0.0057078254426986465, 20.477188229005794, 21.019949683652403], "P": [[1.202559073093848, -0.13107866145573538, -0.002376825657717899, 0.008448224842148983, 0.008441107312470678], [-0.13107866145573538, 183.10442039491727, 6.861381518713714, 0.0015313585456999752, -0.001571849009037947], [-0.002376825657717899, 6.861381518713714, 0.2895026449555638, 0.00017778493958743355, -0.00017778493958743355], [0.008448224842148983, 0.0015313585456999752, 0.00017778493958743355, 0.04098570404749484, 0.0], [0.008441107312470678, -0.001571849009037947, -0.00017778493958743355, 0.0, 0.04098570404749484]]}, {"time": 2.0013349419999997, "target_speed": [48, 39], "encoder": [18.06, 18.9], "camera": [41.27269425008328, 0.0826962559103212, -0.1829714075184567], "prox_horizontal": [0, 0, 0, 0, 0, 0, 0], "x_hat": [41.17053312666507, 0.03637579796696708, -0.052032555934726735, 19.981983018127902, 20.58604689375044], "P": [[0.548320146485966, -0.00045099817457915325, 0.0009887178493500903, 0.0038153149392358564, 0.0038132734870530783], [-0.0004509981745791355, 0.9864518547263197, 0.02539503429776002, -2.0756362455312782e-05, 2.7669475513094824e-05], [0.0009887178493500903, 0.025395034297761153, 0.027407500206414134, 8.212613418212855e-05, -9.750543664031438e-05], [0.003815314939235855, -2.0756362455312538e-05, 8.212613418212856e-05, 0.040999288219581834, -3.208825119616237e-05], [0.0038132734870530774, 2.766947551309496e-05, -9.750543664031434e-05, -3.208825119616236e-05, 0.04099932521482254]]}, {"time": 2.1101576349999998, "target_speed": [47, 37], "encoder": [18.06, 17.22], "camera": [41.27269425008328, 0.0826962559103212, -0.1829714075184567], "prox_horizontal": [0, 0, 0, 0, 0, 0, 0], "x_hat": [43.24816220743918, -0.07471333644327113, -0.05177876572970139, 19.58644114405914, 19.89291606150816], "P": [[0.5599688106794687, 0.004628906509223275, 0.004134699392271906, 0.004805095745328717, 0.0047871034378952635], [0.004628906509223165, 1.1092940043822268, 0.08581119876683793, 3.518262836777871e-05, -0.00024074473114037918], [0.004134699392271906, 0.08581119876683907, 0.03829003195923259, 0.00010251584379753814, -0.00011472895161853907], [0.004805095745328717, 3.5182628367778915e-05, 0.00010251584379753815, 0.04119519887413123, -2.0230808684131996e-05], [0.0047871034378952635, -0.000240744731140379, -0.00011472895161853906, -2.0230808684131996e-05, 0.04119522219866931]]}, {"time": 2.213408929, "target_speed": [45, 36], "encoder": [22.68, 15.54], "camera": [41.27269425008328, 0.0826962559103212, -0.1829714075184567], "prox_horizontal": [0, 0, 0, 0, 0, 0, 0], "x_hat": [45.24954097665998, -0.16844185676886342, -0.04753958677163162, 20.220390652025237, 19.001085541914776], "P": [[0.5717747007129049, 0.02207269023199213, 0.008173447466809904, 0.005517884049383051, 0.005485358127221012], [0.022072690231991897, 1.4689417419182456, 0.16374721807226242, 0.00010637856865155368, -0.00046459166171354045], [0.008173447466809902, 0.16374721807226358, 0.048615446147647914, 0.00011712630970362961, -0.00012683852731486638], [0.005517884049383052, 0.00010637856865155387, 0.00011712630970362961, 0.04096712765423154, -1.2791663157536112e-05], [0.005485358127221012, -0.0004645916617135402, -0.00012683852731486638, -1.2791663157536114e-05, 0.04096714240201741]]}, {"time": 2.317904454, "target_speed": [44, 34], "encoder": [18.48, 15.54], "camera": [41.27269425008328, 0.0826962559103212, -0.1829714075184567], "prox_horizontal": [0, 0, 0, 0, 0, 0, 0], "x_hat": [47.13861423321335, -0.25614721593334855, -0.04495464802833617, 19.864607218373365, 18.29333672683064], "P": [[0.5845004808654783, 0.05472081476936503, 0.012907555195547635, 0.006099064155646436, 0.0060542932368078785], [0.05472081476936468, 2.1497447592488, 0.26325903609504214, 0.0001944175313647349, -0.0006569914227853772], [0.012907555195547633, 0.26325903609504325, 0.05906531316098228, 0.0001290236941942287, -0.00013675008522787138], [0.006099064155646436, 0.00019441753136473507, 0.00012902369419422874, 0.040901565962106354, -8.094663633603766e-06], [0.0060542932368078785, -0.000656991422785377, -0.0001367500852278714, -8.094663633603768e-06, 0.04090157529461961]]}, {"time": 2.4262594429999997, "target_speed": [42, 33], "encoder": [17.64, 14.28], "camera": [41.27269425008328, 0.0826962559103212, -0.1829714075184567], "prox_horizontal": [0, 0, 0, 0, 0, 0, 0], "x_hat": [48.99865496096526, -0.33567967647472813, -0.04179101584664126, 19.40750791279752, 17.46857147011883], "P": [[0.5985038691546068, 0.10580285786318981, 0.01839476881142033, 0.006613713300126213, 0.00655852888981645], [0.10580285786318937, 3.2479497893239833, 0.3852414827133109, 0.000287031090747888, -0.0008254339630409753], [0.01839476881142033, 0.385241482713312, 0.06990116210343292, 0.0001395730023091525, -0.00014571166396000482], [0.006613713300126213, 0.00028703109074788814, 0.00013957300230915248, 0.04110405011963932, -5.109335886016953e-06], [0.00655852888981645, -0.0008254339630409751, -0.00014571166396000484, -5.1093358860169545e-06, 0.04110405601030347]]}, {"time": 2.5343604679999996, "target_speed": [41, 32], "encoder": [17.64, 13.86], "camera": [41.27269425008328, 0.0826962559103212, -0.1829714075184567], "prox_horizontal": [0, 0, 0, 0, 0, 0, 0], "x_hat": [50.80245617646023, -0.4049548493830019, -0.038134871112173764, 19.043320206010936, 16.724949982668544], "P": [[0.6131846296991099, 0.1744813980037051, 0.024215492596357406, 0.007022227876597234, 0.006959556499755732], [0.17448139800370457, 4.793119086339427, 0.5244448112221963, 0.00037484850490558024, -0.0009593803058492236], [0.024215492596357406, 0.5244448112221973, 0.08071162892794015, 0.0001479451917110391, -0.000152818906265171], [0.007022227876597234, 0.00037484850490558024, 0.00014794519171103907, 0.041215749093502695, -3.2204703224638505e-06], [0.00695955649975573, -0.0009593803058492235, -0.000152818906265171, -3.220470322463852e-06, 0.04121575280645277]]}, {"time": 2.6421394499999997, "target_speed": [40, 31], "encoder": [17.64, 15.12], "camera": [41.27269425008328, 0.0826962559103212, -0.1829714075184567], "prox_horizontal": [0, 0, 0, 0, 0, 0, 0], "x_hat": [52.6186730241384, -0.47312179609763927, -0.03531781088898141, 18.753790551880098, 16.39381615441933], "P": [[0.6283542423634595, 0.25963164710160824, 0.03014678482431741, 0.007343458756643338, 0.0072761769706778355], [0.25963164710160763, 6.824191322900979, 0.6799061195921362, 0.0004564554613716943, -0.0010622461876648218], [0.03014678482431741, 0.6799061195921371, 0.09148990105665868, 0.00015453262982053213, -0.00015840080520108346], [0.007343458756643338, 0.0004564554613716942, 0.00015453262982053213, 0.04126583969021967, -2.028617190937785e-06], [0.007276176970677833, -0.0010622461876648218, -0.00015840080520108346, -2.0286171909377856e-06, 0.04126584202905642]]}, {"time": 2.75045663, "target_speed": [38, 29], "encoder": [16.8, 13.44], "camera": [41.27269425008328, 0.0826962559103212, -0.1829714075184567], "prox_horizontal": [0, 0, 0, 0, 0, 0, 0], "x_hat": [54.33542833792623, -0.528639580498163, -0.031782043014473876, 18.350046211575712, 15.783403780925791], "P": [[0.6440986435318568, 0.3626496164423621, 0.03629622654567683, 0.007606038228337978, 0.0075359741805700224], [0.36264961644236143, 9.421864671549457, 0.8539526686535426, 0.0005327371905765499, -0.0011443881212655795], [0.03629622654567683, 0.8539526686535435, 0.10232200402644762, 0.00015992523786696674, -0.00016299405559284176], [0.007606038228337978, 0.0005327371905765499, 0.00015992523786696674, 0.04133126727176554, -1.2767998184500872e-06], [0.00753597418057002, -0.0011443881212655795, -0.00016299405559284176, -1.2767998184500874e-06, 0.041331268743815736]]}, {"time": 2.8587570619999996, "target_speed": [37, 28], "encoder": [16.8, 13.02], "camera": [41.27269425008328, 0.0826962559103212, -0.1829714075184567], "prox_horizontal": [0, 0, 0, 0, 0, 0, 0], "x_hat": [56.01527032510896, -0.5754067722243316, -0.027826169897395316, 18.029419533870964, 15.211780815412872], "P": [[0.660068415868228, 0.4798292552127464, 0.04230595965517443, 0.007814345806128624, 0.0077437323611882535], [0.4798292552127456, 12.587870204975493, 1.0429823983197657, 0.0006004555670984678, -0.001202894025544797], [0.04230595965517443, 1.0429823983197666, 0.11315243841018038, 0.00016421509056066156, -0.0001666491148053062], [0.007814345806128623, 0.0006004555670984676, 0.00016421509056066153, 0.041371382762129434, -8.032040606428513e-07], [0.007743732361188251, -0.001202894025544797, -0.0001666491148053062, -8.032040606428514e-07, 0.04137138368816082]]}, {"time": 2.9640554249999997, "target_speed": [35, 27], "encoder": [15.54, 11.76], "camera": [41.27269425008328, 0.0826962559103212, -0.1829714075184567], "prox_horizontal": [0, 0, 0, 0, 0, 0, 0], "x_hat": [57.53005688138764, -0.6109653337187375, -0.023867179655119048, 17.51651329310847, 14.50058915101135], "P": [[0.6755688088260243, 0.6046008923690698, 0.04781565450175765, 0.007939348218064404, 0.007870492738452759], [0.6046008923690689, 16.247669085878663, 1.2409363076665718, 0.0006567135167572901, -0.0012346394179760377], [0.04781565450175764, 1.2409363076665727, 0.1236826537124128, 0.00016678879345225964, -0.00016872132260792932], [0.007939348218064402, 0.0006567135167572899, 0.00016678879345225964, 0.041207596575620405, -5.063203077606924e-07], [0.007870492738452755, -0.0012346394179760377, -0.00016872132260792932, -5.063203077606925e-07, 0.04120759715936807]]}, {"time": 3.0680124309999997, "target_speed": [34, 27], "encoder": [16.38, 11.76], "camera": [41.27269425008328, 0.0826962559103212, -0.1829714075184567], "prox_horizontal": [0, 0, 0, 0, 0, 0, 0], "x_hat": [59.03923853486571, -0.637607656226233, -0.019195016783014433, 17.283421235703596, 13.93850200098333], "P": [[0.6906034076887981, 0.733415379542252, 0.052727819158160404, 0.008018388861646322, 0.007953063460328959], [0.7334153795422511, 20.387212043182448, 1.4467104849783652, 0.0007019665930816883, -0.0012451821883956583], [0.05272781915816041, 1.446710484978366, 0.13407872846650204, 0.00016842525078447884, -0.00016996142555568316], [0.008018388861646322, 0.0007019665930816881, 0.00016842525078447884, 0.04101957148740472, -3.199283165573171e-07], [0.007953063460328957, -0.0012451821883956583, -0.00016996142555568316, -3.1992831655731715e-07, 0.04101957185625701]]}, {"time": 3.174136681, "target_speed": [33, 26], "encoder": [14.28, 11.34], "camera": [41.27269425008328, 0.0826962559103212, -0.1829714075184567], "prox_horizontal": [0, 0, 0, 0, 0, 0, 0], "x_hat": [60.46934618640387, -0.6644187248252416, -0.01578731507883449, 16.667156308740168, 13.405322257933838], "P": [[0.7054430425466109, 0.8667366676176015, 0.0569913050268011, 0.008107017572175343, 0.008046543962438967], [0.8667366676176006, 25.19046436565555, 1.6687980399214042, 0.000746460612690866, -0.0012466468602634175], [0.056991305026801116, 1.6687980399214049, 0.14469154202583548, 0.00017028692072350757, -0.00017150789169818702], [0.008107017572175341, 0.0007464606126908658, 0.00017028692072350757, 0.04103770363691872, -2.021068087798761e-07], [0.008046543962438965, -0.0012466468602634175, -0.00017150789169818702, -2.0210680877987614e-07, 0.04103770386993204]]}, {"time": 3.2791384679999998, "target_speed": [31, 25], "encoder": [14.28, 10.92], "camera": [41.27269425008328, 0.0826962559103212, -0.1829714075184567], "prox_horizontal": [0, 0, 0, 0, 0, 0, 0], "x_hat": [61.849812495960336, -0.6833269909692963, -0.012085846531979019, 16.17805072976035, 12.896103281610278], "P": [[0.7196478425844669, 0.9982822755220323, 0.06059765996461115, 0.008162195683720602, 0.008107339047586516], [0.9982822755220315, 30.469798782399117, 1.8972132329755365, 0.0007802147713607045, -0.0012335373924834288], [0.060597659964611174, 1.8972132329755371, 0.1551921044370867, 0.0001714614130577296, -0.00017243221872804737], [0.0081621956837206, 0.0007802147713607044, 0.0001714614130577296, 0.04097822710279316, -1.2777154167956132e-07], [0.008107339047586514, -0.0012335373924834288, -0.00017243221872804737, -1.2777154167956134e-07, 0.040978227250103735]]}, {"time": 3.383200162, "target_speed": [30, 24], "encoder": [13.86, 10.92], "camera": [41.27269425008328, 0.0826962559103212, -0.1829714075184567], "prox_horizontal": [0, 0, 0, 0, 0, 0, 0], "x_hat": [63.18703671693705, -0.699008302951637, -0.008777504541220626, 15.704228811657615, 12.492177498797243], "P": [[0.733124061857817, 1.1246171322499832, 0.06343494893469971, 0.00819247754939466, 0.008143831870761242], [1.1246171322499825, 36.21980251442562, 2.131963406707309, 0.0008065782137698909, -0.0012094092471895829], [0.06343494893469973, 2.131963406707309, 0.1655986531638595, 0.00017212558312698753, -0.00017289795103149556], [0.00819247754939466, 0.0008065782137698906, 0.0001721255831269875, 0.040881134404195676, -8.087559545621637e-08], [0.008143831870761238, -0.0012094092471895829, -0.0001728979510314956, -8.08755954562164e-08, 0.040881134497438895]]}, {"time": 3.49003185, "target_speed": [29, 23], "encoder": [12.6, 9.66], "camera": [41.27269425008328, 0.0826962559103212, -0.1829714075184567], "prox_horizontal": [0, 0, 0, 0, 0, 0, 0], "x_hat": [64.44880415687655, -0.7083802667741447, -0.005392575540499679, 15.067941343535594, 11.911653720066735], "P": [[0.7463776639765038, 1.2483282150030315, 0.06562415149457403, 0.008251065897016479, 0.008208765102654201], [1.2483282150030308, 42.65227423533834, 2.3813677644559297, 0.0008321092600449733, -0.00118377181737821], [0.06562415149457404, 2.3813677644559292, 0.17628221844201405, 0.00017339363238933535, -0.00017400768467474344], [0.00825106589701648, 0.0008321092600449731, 0.0001733936323893353, 0.040994928570863294, -5.111865898233173e-08], [0.0082087651026542, -0.0011837718173782102, -0.00017400768467474347, -5.1118658982331756e-08, 0.0409949286297991]]}, {"time": 3.5920304929999998, "target_speed": [28, 23], "encoder": [12.18, 10.08], "camera": [41.27269425008328, 0.0826962559103212, -0.1829714075184567], "prox_horizontal": [0, 0, 0, 0, 0, 0, 0], "x_hat": [65.63072142852069, -0.7175201546159216, -0.00291350205035707, 14.479364316652607, 11.53835372334388], "P": [[0.7583821560126273, 1.3562839354160678, 0.06693213602944517, 0.00823507124657921, 0.008199339261167558], [1.3562839354160672, 49.21560963910243, 2.623918179784896, 0.0008434973037611863, -0.001142114994457846], [0.0669321360294452, 2.623918179784895, 0.18648245133254918, 0.00017309965892135071, -0.00017358856429671764], [0.008235071246579212, 0.000843497303761186, 0.00017309965892135066, 0.04076103034283336, -3.240545909276657e-08], [0.008199339261167556, -0.0011421149944578462, -0.00017358856429671766, -3.2405459092766574e-08, 0.040761030380194324]]}, {"time": 3.695237944, "target_speed": [27, 22], "encoder": [12.18, 9.24], "camera": [41.27269425008328, 0.0826962559103212, -0.1829714075184567], "prox_horizontal": [0, 0, 0, 0, 0, 0, 0], "x_hat": [66.78433947252893, -0.7185844633903582, 0.00028519525358014497, 14.011566316775097, 11.070761325239166], "P": [[0.7700742314926714, 1.4564060992041292, 0.06766160002133752, 0.008235691413490108, 0.00820614875256527], [1.4564060992041288, 56.27169217932209, 2.874290573589283, 0.0008521314353442524, -0.0011002822643094777], [0.06766160002133755, 2.874290573589282, 0.19680357245369687, 0.00017315650523219537, -0.0001735459444463908], [0.00823569141349011, 0.0008521314353442523, 0.00017315650523219535, 0.04068935338117396, -2.0561168297361294e-08], [0.008206148752565269, -0.001100282264309478, -0.00017354594444639082, -2.0561168297361297e-08, 0.04068935340487938]]}, {"time": 3.8021982819999995, "target_speed": [26, 21], "encoder": [11.34, 8.4], "camera": [41.27269425008328, 0.0826962559103212, -0.1829714075184567], "prox_horizontal": [0, 0, 0, 0, 0, 0, 0], "x_hat": [67.90479433013938, -0.7155766147107858, 0.003599678862116752, 13.465474805975957, 10.524834361651832], "P": [[0.7816171047607114, 1.5460653222667153, 0.06758631316945721, 0.008283455489098287, 0.008260057134044855], [1.5460653222667147, 63.99356383382087, 3.1382843668287883, 0.0008632365658110898, -0.001060091313292558], [0.06758631316945723, 3.138284366828788, 0.20750000481399103, 0.0001742094769163112, -0.00017451931135531316], [0.008283455489098288, 0.0008632365658110897, 0.0001742094769163112, 0.04088176147179074, -1.3014507000328486e-08], [0.008260057134044855, -0.0010600913132925583, -0.00017451931135531318, -1.301450700032849e-08, 0.040881761486795454]]}, {"time": 3.90588546, "target_speed": [25, 21], "encoder": [10.92, 8.82], "camera": [41.27269425008328, 0.0826962559103212, -0.1829714075184567], "prox_horizontal": [0, 0, 0, 0, 0, 0, 0], "x_hat": [68.97270946917465, -0.7135034379066721, 0.006079159595613788, 12.946244806905218, 10.17707959510692], "P": [[0.7922364664662801, 1.6160748229103994, 0.0666573247238053, 0.008280277866301599, 0.008262895156258448], [1.6160748229103987, 71.81031377825678, 3.3963595691122928, 0.0008656989553168125, -0.0010105595075941484], [0.06665732472380534, 3.3963595691122923, 0.21786910212514404, 0.00017419240975071333, -0.00017443904367494607], [0.0082802778663016, 0.0008656989553168126, 0.00017419240975071333, 0.040796323589377056, -8.246580730932662e-09], [0.008262895156258448, -0.0010105595075941489, -0.00017443904367494607, -8.246580730932664e-09, 0.040796323598884715]]}, {"time": 4.014103822999999, "target_speed": [31, 13], "encoder": [10.5, 8.82], "camera": [70.03739369934618, -0.819272443617744, -0.1709373220500044], "prox_horizontal": [0, 0, 0, 0, 0, 0, 0], "x_hat": [70.05833934155787, -0.8666159082720026, -0.06398093520826947, 12.444089513998057, 9.898649553040933], "P": [[0.43433776877239744, 0.01328592177992533, -0.0036439093759194157, 0.004709681955615468, 0.004714689255270425], [0.0132859217799254, 0.9749146413995898, 0.027738276473258865, -0.0001375175816435722, -8.61120288349387e-05], [-0.0036439093759193806, 0.027738276473258903, 0.03868610473467149, 0.00011372724261427732, -5.053615318908357e-05], [0.00470968195561547, -0.000137517581643574, 0.00011372724261427747, 0.04098962679320665, -3.913909414714269e-05], [0.004714689255270422, -8.611202883494372e-05, -5.053615318908352e-05, -3.913909414714267e-05, 0.040989547897674346]]}, {"time": 4.117669469999999, "target_speed": [30, 12], "encoder": [12.6, 5.04], "camera": [70.03739369934618, -0.819272443617744, -0.1709373220500044], "prox_horizontal": [0, 0, 0, 0, 0, 0, 0], "x_hat": [71.0851894805602, -0.9352636406235316, -0.05926667682921163, 12.476541665473981, 8.906083579005788], "P": [[0.4447579437886635, 0.011099256533948599, -0.0007806225230597249, 0.005438993198960635, 0.005433308079306442], [0.011099256533948706, 1.04932568144406, 0.07240508157376473, -0.00011285825285441867, -0.00022285135374443068], [-0.0007806225230596897, 0.07240508157376477, 0.04904289160055401, 0.0001260735431444297, -7.578355332030327e-05], [0.005438993198960636, -0.00011285825285441995, 0.00012607354314442983, 0.040856944231821894, -2.4781425812401187e-05], [0.005433308079306439, -0.0002228513537444346, -7.578355332030322e-05, -2.4781425812401173e-05, 0.040856894278090895]]}, {"time": 4.221634068999999, "target_speed": [30, 11], "encoder": [12.18, 5.46], "camera": [70.03739369934618, -0.819272443617744, -0.1709373220500044], "prox_horizontal": [0, 0, 0, 0, 0, 0, 0], "x_hat": [72.08230160369513, -0.9950502020367633, -0.053908072452325775, 12.416320427839548, 8.203137795763634], "P": [[0.45572537749691444, 0.014965141371480114, 0.0024493271544924256, 0.006023290372681416, 0.006008186823754247], [0.014965141371480256, 1.2203999271740327, 0.12682125507272743, -7.859538296742633e-05, -0.0003444098622318717], [0.0024493271544924608, 0.12682125507272746, 0.05943961938758089, 0.00013595927590279982, -9.592401241155372e-05], [0.006023290372681416, -7.859538296742722e-05, 0.00013595927590279993, 0.040798175342777174, -1.5702270800912124e-05], [0.006008186823754244, -0.0003444098622318747, -9.592401241155366e-05, -1.5702270800912117e-05, 0.040798143690562415]]}, {"time": 4.326652187, "target_speed": [28, 11], "encoder": [13.44, 3.78], "camera": [70.03739369934618, -0.819272443617744, -0.1709373220500044], "prox_horizontal": [0, 0, 0, 0, 0, 0, 0], "x_hat": [73.05342049951271, -1.0436619483819856, -0.04603072272580881, 12.62551273187973, 7.300154900649398], "P": [[0.46724531042172895, 0.024975315716000833, 0.005917740875224193, 0.006502243996959275, 0.006479458395456193], [0.024975315716001013, 1.5051247849518374, 0.19108343652634308, -3.742593871171423e-05, -0.0004484720769146247], [0.005917740875224228, 0.1910834365263431, 0.06994173423601595, 0.00014410531802522159, -0.00011224078599659963], [0.006502243996959274, -3.7425938711714854e-05, 0.00014410531802522164, 0.04082768721573911, -9.945750903405213e-06], [0.006479458395456191, -0.00044847207691462717, -0.00011224078599659959, -9.94575090340521e-06, 0.040827667167362185]]}, {"time": 4.434633187999999, "target_speed": [27, 11], "encoder": [11.34, 4.62], "camera": [70.03739369934618, -0.819272443617744, -0.1709373220500044], "prox_horizontal": [0, 0, 0, 0, 0, 0, 0], "x_hat": [73.99116621312871, -1.086104236654523, -0.039261166407025566, 12.361849694586317, 6.750311013111936], "P": [[0.4794289089121741, 0.04075801830160656, 0.009380630759451569, 0.006923898012221235, 0.006895701943516726], [0.04075801830160678, 1.9266219146536112, 0.26624678185519984, 1.2722117800720836e-05, -0.0005329319783765653], [0.009380630759451601, 0.2662467818551999, 0.08074017279544532, 0.00015142869318978482, -0.00012610076313760438], [0.006923898012221235, 1.2722117800720399e-05, 0.00015142869318978484, 0.041033780801249045, -6.283292984565343e-06], [0.006895701943516725, -0.0005329319783765673, -0.00012610076313760433, -6.2832929845653416e-06, 0.0410337681355562]]}, {"time": 4.542909819999999, "target_speed": [26, 10], "encoder": [10.92, 4.2], "camera": [70.03739369934618, -0.819272443617744, -0.1709373220500044], "prox_horizontal": [0, 0, 0, 0, 0, 0, 0], "x_hat": [74.8804398707042, -1.119587907962785, -0.03224957283749779, 12.065005203064993, 6.225198516187177], "P": [[0.4918518000063706, 0.06123644229966487, 0.012660194623695224, 0.007265679959968941, 0.007234339995950099], [0.061236442299665135, 2.4879961305875957, 0.34972426373333493, 6.518110362854876e-05, -0.0005959536971789351], [0.012660194623695255, 0.349724263733335, 0.09156819399313064, 0.00015738809038943889, -0.00013727499385942277], [0.007265679959968941, 6.518110362854844e-05, 0.00015738809038943889, 0.04118251928748339, -3.962086442119019e-06], [0.007234339995950098, -0.0005959536971789366, -0.0001372749938594227, -3.962086442119018e-06, 0.04118251130081621]]}, {"time": 4.646011542999999, "target_speed": [25, 10], "encoder": [10.92, 2.52], "camera": [70.03739369934618, -0.819272443617744, -0.1709373220500044], "prox_horizontal": [0, 0, 0, 0, 0, 0, 0], "x_hat": [75.64228234086899, -1.1389559317804896, -0.024150852652291117, 11.830613798643911, 5.466579998105424], "P": [[0.5037274452651243, 0.08377221774149594, 0.01544434727689069, 0.007469241722473129, 0.007437194817957708], [0.08377221774149625, 3.1574556212794085, 0.43601679422790013, 0.00011534461873029332, -0.000631242672887015], [0.015444347276890723, 0.43601679422790013, 0.1018787118235167, 0.00016070776460907186, -0.00014471253535259813], [0.007469241722473128, 0.00011534461873029305, 0.00016070776460907186, 0.04094965242354316, -2.50572389114604e-06], [0.007437194817957707, -0.0006312426728870161, -0.0001447125353525981, -2.50572389114604e-06, 0.0409496473725724]]}, {"time": 4.750666488999999, "target_speed": [24, 10], "encoder": [10.5, 3.78], "camera": [70.03739369934618, -0.819272443617744, -0.1709373220500044], "prox_horizontal": [0, 0, 0, 0, 0, 0, 0], "x_hat": [76.43200985912628, -1.1564592813074623, -0.016955927936038492, 11.558512682146931, 5.121679937473299], "P": [[0.5156952170580652, 0.10725442019685867, 0.01767136759164155, 0.007648612888696821, 0.007617809461820437], [0.107254420196859, 3.9569831213529234, 0.5282022209491766, 0.00016626810207138063, -0.000647476057127468], [0.01767136759164158, 0.5282022209491767, 0.11234456752528571, 0.00016372922835036966, -0.0001510049429488988], [0.00764861288869682, 0.00016626810207138042, 0.00016372922835036966, 0.04090059617518779, -1.5856609673669316e-06], [0.007617809461820437, -0.0006474760571274689, -0.00015100494294889875, -1.5856609673669314e-06, 0.0409005929788551]]}, {"time": 4.856576517, "target_speed": [23, 10], "encoder": [10.08, 3.78], "camera": [70.03739369934618, -0.819272443617744, -0.1709373220500044], "prox_horizontal": [0, 0, 0, 0, 0, 0, 0], "x_hat": [77.20528992211702, -1.1686858207484416, -0.009961648851046912, 11.255801615288172, 4.846985364208134], "P": [[0.5276685795798347, 0.1307537970948764, 0.01935407408398058, 0.007806720403167593, 0.0077784754448452014], [0.13075379709487675, 4.900559764824418, 0.6274219225104811, 0.00021801335731708903, -0.0006501682968066512], [0.01935407408398061, 0.6274219225104813, 0.12293594415466462, 0.00016646876172340575, -0.00015634964303677028], [0.007806720403167591, 0.00021801335731708881, 0.00016646876172340572, 0.040948961458006645, -1.0028208809688455e-06], [0.007778475444845202, -0.0006501682968066519, -0.00015634964303677022, -1.0028208809688455e-06, 0.04094895943654731]]}, {"time": 4.95966348, "target_speed": [23, 10], "encoder": [8.82, 5.04], "camera": [70.03739369934618, -0.819272443617744, -0.1709373220500044], "prox_horizontal": [0, 0, 0, 0, 0, 0, 0], "x_hat": [77.94668257442851, -1.1808181361348489, -0.005206111710789815, 10.758886851609459, 4.886368928783499], "P": [[0.5391232098675456, 0.15199227842790736, 0.0203706327000655, 0.007895187706013343, 0.007870580366728497], [0.15199227842790775, 5.952326717387429, 0.7294529348093501, 0.0002667752459472643, -0.000637556255152987], [0.020370632700065536, 0.7294529348093504, 0.1332450035686767, 0.00016787852768605964, -0.00015982372072596553], [0.007895187706013343, 0.00026677524594726404, 0.0001678785276860596, 0.04080087207068403, -6.353963991725907e-07], [0.007870580366728499, -0.0006375562551529874, -0.00015982372072596547, -6.353963991725906e-07, 0.040800870789869076]]}, {"time": 5.067040295999999, "target_speed": [22, 9], "encoder": [9.66, 5.04], "camera": [70.03739369934618, -0.819272443617744, -0.1709373220500044], "prox_horizontal": [0, 0, 0, 0, 0, 0, 0], "x_hat": [78.74872045293557, -1.1874010931962373, 0.00037083714487541326, 10.533732036304015, 4.9178491058917775], "P": [[0.5509250855054192, 0.17228372378792686, 0.02095342265944209, 0.008019778411226319, 0.007999073579397565], [0.1722837237879273, 7.188480459093439, 0.8413731153501675, 0.00031516453761987895, -0.000622731038795373], [0.020953422659442125, 0.8413731153501676, 0.1439830752963114, 0.0001701490487078276, -0.00016374460088985633], [0.008019778411226319, 0.00031516453761987873, 0.0001701490487078276, 0.040978651516683555, -4.0169425822750567e-07], [0.007999073579397567, -0.0006227310387953733, -0.0001637446008898563, -4.0169425822750557e-07, 0.04097865070695908]]}, {"time": 5.174179412999999, "target_speed": [21, 9], "encoder": [9.66, 5.04], "camera": [70.03739369934618, -0.819272443617744, -0.1709373220500044], "prox_horizontal": [0, 0, 0, 0, 0, 0, 0], "x_hat": [79.54594189729104, -1.1890475455459395, 0.00585132962687927, 10.354284988154095, 4.942937537376052], "P": [[0.5625149064823854, 0.1893653088862754, 0.020909315708791218, 0.0081169891733343, 0.008100618153819404], [0.18936530888627587, 8.592058061999671, 0.96055288201368